255 255 255 255 255 255 255 255 255 255 255 255 255 255 255 255
255 219 159 159 159 159 159 159 159 159 159 159 159 159 219 255
255 159   0   0   0   0   0   0   0   0   0   0   0   0 159 255
255 159   0 195 223 223 223 223 223 223 223 223 195   0 159 255
255 159   0 223 199  20   0 223 255 255 255 255 223   0 159 255
255 159   0 139 116 195  36 223 255 255 255 255 223   0 159 255
255 159   0   0 116 255  96 223 255 255 255 255 223   0 159 255
255 159   0 195   4  32 151 251 255 255 255 255 223   0 159 255
255 159   0 223 223 223 243 255 255 255 116  33  28   0 159 255
255 159   0 139  12  96 135 243 255 255 255 255 223   0 159 255
255 159   0   0 171 255  96 223 255 255 255 255 223   0 159 255
255 159   0   0 255 255  96 223 255 255 255 255 223   0 159 255
255 159   0 195 223 223 223 223 223 223 223 223 195   0 159 255
255 159   0   0   0   0   0   0   0   0   0   0   0   0 159 255
255 219 159 159 159 159 159 159 159 159 159 159 159 159 219 255
255 255 255 255 255 255 255 255 255 255 255 255 255 255 255 255
255 255 255 255 255 255 255 255 255 255 255 255 255 255 255 255
255 219 159 159 159 159 159 159 159 159 159 159 159 159 219 255
255 159   0   0   0   0   0   0   0   0   0   0   0   0 159 255
255 159   0 195 223 223 223 223 223 223 223 223 195   0 159 255
255 159   0 223 199  20   0 223 255 255 255 255 223   0 159 255
255 159   0 139 116 195  36 223 255 255 255 255 223   0 159 255
255 159   0   0 116 255  96 223 255 255 255 255 223   0 159 255
255 159   0 195   4  32 151 251 255 255 255 255 223   0 159 255
255 159   0 223 223 223 243 255 255 255 116  33  28   0 159 255
255 159   0 139  12  96 135 243 255 255 255 255 223   0 159 255
255 159   0   0 171 255  96 223 255 255 255 255 223   0 159 255
255 159   0   0 255 255  96 223 255 255 255 255 223   0 159 255
255 159   0 195 223 223 223 223 223 223 223 223 195   0 159 255
255 159   0   0   0   0   0   0   0   0   0   0   0   0 159 255
255 219 159 159 159 159 159 159 159 159 159 159 159 159 219 255
255 255 255 255 255 255 255 255 255 255 255 255 255 255 255 255
255 255 255 255 255 255 255 255 255 255 255 255 255 255 255 255
255 219 159 159 159 159 159 159 159 159 159 159 159 159 219 255
255 159   0   0   0   0   0   0   0   0   0   0   0   0 159 255
255 159   0 195 223 223 223 223 223 223 223 223 195   0 159 255
255 159   0 223 199  20   0 223 255 255 255 255 223   0 159 255
255 159   0 139 116 195  36 223 255 255 255 255 223   0 159 255
255 159   0   0 116 255  96 223 255 255 255 255 223   0 159 255
255 159   0 195   4  32 151 251 255 255 255 255 223   0 159 255
255 159   0 223 223 223 243 255 255 255 116  33  28   0 159 255
255 159   0 139  12  96 135 243 255 255 255 255 223   0 159 255
255 159   0   0 171 255  96 223 255 255 255 255 223   0 159 255
255 159   0   0 255 255  96 223 255 255 255 255 223   0 159 255
255 159   0 195 223 223 223 223 223 223 223 223 195   0 159 255
255 159   0   0   0   0   0   0   0   0   0   0   0   0 159 255
255 219 159 159 159 159 159 159 159 159 159 159 159 159 219 255
255 255 255 255 255 255 255 255 255 255 255 255 255 255 255 255

255 255 255 255 255 255 255 255 255 255 255 255 255 255 255 255
255 219 159 159 159 159 159 159 159 159 159 159 159 159 219 255
255 159   0   0   0   0   0   0   0   0   0   0   0   0 159 255
255 159   0 195 223 223 223 223  28 223 223 223 195   0 159 255
255 159   0 223 255 255 255 255  33 255 255 255 223   0 159 255
255 159   0 223 255 255 255 255 116 255 255 255 223   0 159 255
255 159   0 223 255 255 255 255 255 255 255 255 223   0 159 255
255 159   0 223 255 255 255 255 255 255 255 255 223   0 159 255
255 159   0 223 223 223 223 251 255 243 223 223 223   0 159 255
255 159   0 223   0  36  96 151 243 135  96  96 223   0 159 255
255 159   0 223  20 195 255  32 223  96 255 255 223   0 159 255
255 159   0 223 199 116 116   4 223  12 171 255 223   0 159 255
255 159   0 195 223 139   0 195 223 139   0   0 195   0 159 255
255 159   0   0   0   0   0   0   0   0   0   0   0   0 159 255
255 219 159 159 159 159 159 159 159 159 159 159 159 159 219 255
255 255 255 255 255 255 255 255 255 255 255 255 255 255 255 255
255 255 255 255 255 255 255 255 255 255 255 255 255 255 255 255
255 219 159 159 159 159 159 159 159 159 159 159 159 159 219 255
255 159   0   0   0   0   0   0   0   0   0   0   0   0 159 255
255 159   0 195 223 223 223 223  28 223 223 223 195   0 159 255
255 159   0 223 255 255 255 255  33 255 255 255 223   0 159 255
255 159   0 223 255 255 255 255 116 255 255 255 223   0 159 255
255 159   0 223 255 255 255 255 255 255 255 255 223   0 159 255
255 159   0 223 255 255 255 255 255 255 255 255 223   0 159 255
255 159   0 223 223 223 223 251 255 243 223 223 223   0 159 255
255 159   0 223   0  36  96 151 243 135  96  96 223   0 159 255
255 159   0 223  20 195 255  32 223  96 255 255 223   0 159 255
255 159   0 223 199 116 116   4 223  12 171 255 223   0 159 255
255 159   0 195 223 139   0 195 223 139   0   0 195   0 159 255
255 159   0   0   0   0   0   0   0   0   0   0   0   0 159 255
255 219 159 159 159 159 159 159 159 159 159 159 159 159 219 255
255 255 255 255 255 255 255 255 255 255 255 255 255 255 255 255
255 255 255 255 255 255 255 255 255 255 255 255 255 255 255 255
255 219 159 159 159 159 159 159 159 159 159 159 159 159 219 255
255 159   0   0   0   0   0   0   0   0   0   0   0   0 159 255
255 159   0 195 223 223 223 223  28 223 223 223 195   0 159 255
255 159   0 223 255 255 255 255  33 255 255 255 223   0 159 255
255 159   0 223 255 255 255 255 116 255 255 255 223   0 159 255
255 159   0 223 255 255 255 255 255 255 255 255 223   0 159 255
255 159   0 223 255 255 255 255 255 255 255 255 223   0 159 255
255 159   0 223 223 223 223 251 255 243 223 223 223   0 159 255
255 159   0 223   0  36  96 151 243 135  96  96 223   0 159 255
255 159   0 223  20 195 255  32 223  96 255 255 223   0 159 255
255 159   0 223 199 116 116   4 223  12 171 255 223   0 159 255
255 159   0 195 223 139   0 195 223 139   0   0 195   0 159 255
255 159   0   0   0   0   0   0   0   0   0   0   0   0 159 255
255 219 159 159 159 159 159 159 159 159 159 159 159 159 219 255
255 255 255 255 255 255 255 255 255 255 255 255 255 255 255 255

254 254 253 253 253 253 253 253 253 253 253 253 253 253 254 254
254 212 150 150 150 150 150 150 150 150 150 150 150 150 212 254
253 150  10  48  52  52  52  52  52  52  52  52  48  10 150 253
253 150  48 214 233 233 233 233 229 213 232 219 194  48 150 253
253 150  52 233 255 255 255 255 224  92 245 141  73  52 150 253
253 150  52 233 255 255 255 255 224  88 241 126  80  52 150 253
253 150  52 233 255 255 255 255 234  85  89  42 156  52 150 253
253 150  52 171 177 192 183 172 213 229 180 212 228  52 150 253
253 150  52 227 247 241 245 209 243 129  31  28 204  52 150 253
253 150  52 233 255 255 255 255 224  84 232 127  79  52 150 253
253 150  52 233 255 255 255 255 224  53 165  90 111  52 150 253
253 150  52 233 255 255 255 255 207  50  86 138 219  52 150 253
253 150  48 214 233 233 233 233 232 226 233 233 214  48 150 253
253 150  10  48  52  52  52  52  52  52  52  52  48  10 150 253
254 212 150 150 150 150 150 150 150 150 150 150 150 150 212 254
254 254 253 253 253 253 253 253 253 253 253 253 253 253 254 254
254 254 253 253 253 253 253 253 253 253 253 253 253 253 254 254
254 212 150 150 150 150 150 150 150 150 150 150 150 150 212 254
253 150  10  48  52  52  52  52  52  52  52  52  48  10 150 253
253 150  48 214 233 233 233 233 229 213 232 219 194  48 150 253
253 150  52 233 255 255 255 255 224  92 245 141  73  52 150 253
253 150  52 233 255 255 255 255 224  88 241 126  80  52 150 253
253 150  52 233 255 255 255 255 234  85  89  42 156  52 150 253
253 150  52 171 177 192 183 172 213 229 180 212 228  52 150 253
253 150  52 227 247 241 245 209 243 129  31  28 204  52 150 253
253 150  52 233 255 255 255 255 224  84 232 127  79  52 150 253
253 150  52 233 255 255 255 255 224  53 165  90 111  52 150 253
253 150  52 233 255 255 255 255 207  50  86 138 219  52 150 253
253 150  48 214 233 233 233 233 232 226 233 233 214  48 150 253
253 150  10  48  52  52  52  52  52  52  52  52  48  10 150 253
254 212 150 150 150 150 150 150 150 150 150 150 150 150 212 254
254 254 253 253 253 253 253 253 253 253 253 253 253 253 254 254
254 254 253 253 253 253 253 253 253 253 253 253 253 253 254 254
254 212 150 150 150 150 150 150 150 150 150 150 150 150 212 254
253 150  10  48  52  52  52  52  52  52  52  52  48  10 150 253
253 150  48 214 233 233 233 233 229 213 232 219 194  48 150 253
253 150  52 233 255 255 255 255 224  92 245 141  73  52 150 253
253 150  52 233 255 255 255 255 224  88 241 126  80  52 150 253
253 150  52 233 255 255 255 255 234  85  89  42 156  52 150 253
253 150  52 171 177 192 183 172 213 229 180 212 228  52 150 253
253 150  52 227 247 241 245 209 243 129  31  28 204  52 150 253
253 150  52 233 255 255 255 255 224  84 232 127  79  52 150 253
253 150  52 233 255 255 255 255 224  53 165  90 111  52 150 253
253 150  52 233 255 255 255 255 207  50  86 138 219  52 150 253
253 150  48 214 233 233 233 233 232 226 233 233 214  48 150 253
253 150  10  48  52  52  52  52  52  52  52  52  48  10 150 253
254 212 150 150 150 150 150 150 150 150 150 150 150 150 212 254
254 254 253 253 253 253 253 253 253 253 253 253 253 253 254 254

255 254 253 253 253 253 253 253 253 253 253 253 253 253 254 255
254 212 151 151 151 151 151 151 151 151 151 151 151 151 212 254
253 151  11  48  53  53  53  53  53  53  53  53  48  11 151 253
253 151  48 194  74  80 157 229 204  79 111 220 214  48 151 253
253 151  53 220 141 127  42 212  29 128  90 138 234  53 151 253
253 151  53 232 246 241  89 181  32 233 165  87 234  53 151 253
253 151  53 213  93  89  86 229 130  85  54  50 227  53 151 253
253 151  53 230 224 224 235 213 244 225 225 207 232  53 151 253
253 151  53 234 255 255 255 173 210 255 255 255 234  53 151 253
253 151  53 234 255 255 255 183 245 255 255 255 234  53 151 253
253 151  53 234 255 255 255 192 242 255 255 255 234  53 151 253
253 151  53 234 255 255 255 177 247 255 255 255 234  53 151 253
253 151  48 214 234 234 234 172 228 234 234 234 214  48 151 253
253 151  11  48  53  53  53  53  53  53  53  53  48  11 151 253
254 212 151 151 151 151 151 151 151 151 151 151 151 151 212 254
255 254 253 253 253 253 253 253 253 253 253 253 253 253 254 255
255 254 253 253 253 253 253 253 253 253 253 253 253 253 254 255
254 212 151 151 151 151 151 151 151 151 151 151 151 151 212 254
253 151  11  48  53  53  53  53  53  53  53  53  48  11 151 253
253 151  48 194  74  80 157 229 204  79 111 220 214  48 151 253
253 151  53 220 141 127  42 212  29 128  90 138 234  53 151 253
253 151  53 232 246 241  89 181  32 233 165  87 234  53 151 253
253 151  53 213  93  89  86 229 130  85  54  50 227  53 151 253
253 151  53 230 224 224 235 213 244 225 225 207 232  53 151 253
253 151  53 234 255 255 255 173 210 255 255 255 234  53 151 253
253 151  53 234 255 255 255 183 245 255 255 255 234  53 151 253
253 151  53 234 255 255 255 192 242 255 255 255 234  53 151 253
253 151  53 234 255 255 255 177 247 255 255 255 234  53 151 253
253 151  48 214 234 234 234 172 228 234 234 234 214  48 151 253
253 151  11  48  53  53  53  53  53  53  53  53  48  11 151 253
254 212 151 151 151 151 151 151 151 151 151 151 151 151 212 254
255 254 253 253 253 253 253 253 253 253 253 253 253 253 254 255
255 254 253 253 253 253 253 253 253 253 253 253 253 253 254 255
254 212 151 151 151 151 151 151 151 151 151 151 151 151 212 254
253 151  11  48  53  53  53  53  53  53  53  53  48  11 151 253
253 151  48 194  74  80 157 229 204  79 111 220 214  48 151 253
253 151  53 220 141 127  42 212  29 128  90 138 234  53 151 253
253 151  53 232 246 241  89 181  32 233 165  87 234  53 151 253
253 151  53 213  93  89  86 229 130  85  54  50 227  53 151 253
253 151  53 230 224 224 235 213 244 225 225 207 232  53 151 253
253 151  53 234 255 255 255 173 210 255 255 255 234  53 151 253
253 151  53 234 255 255 255 183 245 255 255 255 234  53 151 253
253 151  53 234 255 255 255 192 242 255 255 255 234  53 151 253
253 151  53 234 255 255 255 177 247 255 255 255 234  53 151 253
253 151  48 214 234 234 234 172 228 234 234 234 214  48 151 253
253 151  11  48  53  53  53  53  53  53  53  53  48  11 151 253
254 212 151 151 151 151 151 151 151 151 151 151 151 151 212 254
255 254 253 253 253 253 253 253 253 253 253 253 253 253 254 255
